name: nemodriveENV
channels:
  - pytorch
  - defaults
dependencies:
  - attrs=18.1.0=py36_0
  - bleach=1.5.0=py36_0
  - bzip2=1.0.6=h9a117a8_4
  - ca-certificates=2018.03.07=0
  - cairo=1.14.12=h7636065_2
  - certifi=2018.4.16=py36_0
  - cffi=1.11.5=py36h9745a5d_0
  - cython=0.28.2=py36h14c3975_0
  - ffmpeg=3.4=h7264315_0
  - fontconfig=2.12.6=h49f89f6_0
  - freeglut=2.8.1=0
  - freetype=2.8=hab7d2ae_1
  - glib=2.56.1=h00datasetb_0
  - graphite2=1.3.11=hf63cedd_1
  - h5py=2.7.1=py36h3585f63_0
  - harfbuzz=1.7.6=h5f0a787_1
  - hdf5=1.10.1=h9caa474_1
  - html5lib=0.9999999=py36_0
  - icu=58.2=h9c2bf20_1
  - intel-openmp=2018.0.0=8
  - jasper=2.0.14=h07fcdf6_0
  - jpeg=9b=h024ee3a_2
  - libedit=3.1.20170329=h6b74fdf_2
  - libffi=3.2.1=hd88cf55_4
  - libgcc-ng=7.2.0=hdf63c60_3
  - libgfortran-ng=7.2.0=hdf63c60_3
  - libglu=9.0.0=h0c0bdc1_1
  - libopus=1.2.1=hb9ed12e_0
  - libpng=1.6.34=hb9fc6fc_0
  - libprotobuf=3.5.2=h6f1eeef_0
  - libstdcxx-ng=7.2.0=hdf63c60_3
  - libtiff=4.0.9=he85c1e1_1
  - libvpx=1.6.1=h888fd40_0
  - libxcb=1.13=h1bed415_1
  - libxml2=2.9.8=hf84eae3_0
  - markdown=2.6.11=py36_0
  - mkl=2018.0.2=1
  - mkl_fft=1.0.1=py36h3010b51_0
  - mkl_random=1.0.1=py36h629b387_0
  - more-itertools=4.1.0=py36_0
  - ncurses=6.1=hf484d3e_0
  - ninja=1.8.2=py36h6bb024c_1
  - numpy=1.14.2=py36hdbf6ddf_1
  - olefile=0.45.1=py36_0
  - opencv=3.3.1=py36h61133dd_2
  - openssl=1.0.2o=h20670df_0
  - pandas=0.22.0=py36hf484d3e_0
  - pcre=8.42=h439df22_0
  - pillow=5.1.0=py36h3deb7b8_0
  - pip=10.0.1=py36_0
  - pixman=0.34.0=hceecf20_3
  - pluggy=0.6.0=py36hb689045_0
  - progressbar2=3.37.1=py36_0
  - protobuf=3.5.2=py36hf484d3e_0
  - py=1.5.3=py36_0
  - pycparser=2.18=py36hf9f622e_1
  - pytest=3.5.1=py36_0
  - pytest-runner=4.2=py36_0
  - python=3.6.5=hc3d631a_2
  - python-dateutil=2.7.3=py36_0
  - python-utils=2.3.0=py36_0
  - pytz=2018.4=py36_0
  - pyyaml=3.12=py36hafb9ca4_1
  - readline=7.0=ha6073c6_4
  - scikit-learn=0.19.1=py36h7aa7ec6_0
  - scipy=1.1.0=py36hfc37229_0
  - setuptools=39.1.0=py36_0
  - six=1.11.0=py36h372c433_1
  - sqlite=3.23.1=he433501_0
  - tensorboard=1.7.0=py36hf484d3e_1
  - termcolor=1.1.0=py36_1
  - tk=8.6.7=hc745277_3
  - werkzeug=0.14.1=py36_0
  - wheel=0.31.1=py36_0
  - xz=5.2.3=h5e939de_4
  - yaml=0.1.7=had09818_2
  - zlib=1.2.11=ha838bed_2
  - cuda91=1.0=h4c16780_0
  - pytorch=0.4.0=py36_cuda9.1.85_cudnn7.1.2_1
  - torchvision=0.2.1=py36_1
  - pip:
    - absl-py==0.2.0
    - astor==0.6.2
    - carla-client==0.8.2
    - cycler==0.10.0
    - decorator==4.3.0
    - gast==0.2.0
    - grpcio==1.12.0
    - imgaug==0.2.5
    - kiwisolver==1.0.1
    - logbook==1.4.0
    - matplotlib==2.2.2
    - networkx==2.1
    - pyparsing==2.2.0
    - pywavelets==0.5.2
    - scikit-image==0.13.1
    - tensorboardx==1.2
    - tensorflow==1.8.0
    - torch==0.4.0
prefix: /home/alexm/miniconda3/envs/nemodriveENV

